Metric (key = "distance") {float {1.0}}
Metric (key = "angle") {float {1.0}}
Metric (key = "time") {float {1.0}}
Metric (key = "up") {string {"z"}}

Node $node1
{
	Name {string {"Armature"}}

	Transform
	{
		float[16]
		{
			{1.0, 0.0, 0.0, 0.0,
			 0.0, 1.0, 0.0, 0.0,
			 0.0, 0.0, 1.0, 0.0,
			 0.0, 0.0, 0.0, 1.0}
		}
	}

	BoneNode $node2
	{
		Name {string {"Torso"}}

		Transform %transform
		{
			float[16]
			{
				{1.0, 0.0, 0.0, 0.0,
				 0.0, -0.06466547399759293, 0.9979070425033569, 0.0,
				 0.0, -0.9979070425033569, -0.06466555595397949, 0.0,
				 0.0, 0.0, 3.8109989166259766, 1.0}
			}
		}

		Animation
		{
			Track (target = %transform)
			{
				Time
				{
					Key {float {0.0, 0.041666666666666664, 0.08333333333333333, 0.125, 0.16666666666666666, 0.20833333333333331, 0.25, 0.29166666666666663, 0.3333333333333333, 0.375, 0.41666666666666663, 0.4583333333333333, 0.5, 0.5416666666666666, 0.5833333333333333, 0.625, 0.6666666666666666, 0.7083333333333333, 0.75, 0.7916666666666666, 0.8333333333333333}}
				}

				Value
				{
					Key
					{
						float[16]
						{
							{1.0, 0.0, 0.0, 0.0, 0.0, -0.06466547399759293, 0.9979070425033569, 0.0, 0.0, -0.9979070425033569, -0.06466555595397949, 0.0, 0.0, 0.0, 3.8109989166259766, 1.0},
							{1.0, 0.0, 0.0, 0.0, 0.0, -0.06466547399759293, 0.9979070425033569, 0.0, 0.0, -0.9979070425033569, -0.06466555595397949, 0.0, 0.0, -3.725290298461914e-09, 3.7576656341552734, 1.0},
							{1.0, 0.0, 0.0, 0.0, 0.0, -0.06466547399759293, 0.9979070425033569, 0.0, 0.0, -0.9979070425033569, -0.06466555595397949, 0.0, 0.0, 0.0, 3.6074421405792236, 1.0},
							{1.0, 0.0, 0.0, 0.0, 0.0, -0.06466547399759293, 0.9979070425033569, 0.0, 0.0, -0.9979070425033569, -0.06466555595397949, 0.0, 0.0, -9.313225746154785e-10, 3.4145560264587402, 1.0},
							{1.0, 0.0, 0.0, 0.0, 0.0, -0.06466547399759293, 0.9979070425033569, 0.0, 0.0, -0.9979070425033569, -0.06466555595397949, 0.0, 0.0, -3.259629011154175e-09, 3.2643322944641113, 1.0},
							{1.0, 0.0, 0.0, 0.0, 0.0, -0.06466547399759293, 0.9979070425033569, 0.0, 0.0, -0.9979070425033569, -0.06466555595397949, 0.0, 0.0, 0.0, 3.210999011993408, 1.0},
							{1.0, 0.0, 0.0, 0.0, 0.0, -0.06466547399759293, 0.9979070425033569, 0.0, 0.0, -0.9979070425033569, -0.06466555595397949, 0.0, 0.0, -4.656612873077393e-10, 3.2643322944641113, 1.0},
							{1.0, 0.0, 0.0, 0.0, 0.0, -0.06466547399759293, 0.9979070425033569, 0.0, 0.0, -0.9979070425033569, -0.06466555595397949, 0.0, 0.0, 0.0, 3.4145560264587402, 1.0},
							{1.0, 0.0, 0.0, 0.0, 0.0, -0.06466547399759293, 0.9979070425033569, 0.0, 0.0, -0.9979070425033569, -0.06466555595397949, 0.0, 0.0, 0.0, 3.6074421405792236, 1.0},
							{1.0, 0.0, 0.0, 0.0, 0.0, -0.06466547399759293, 0.9979070425033569, 0.0, 0.0, -0.9979070425033569, -0.06466555595397949, 0.0, 0.0, 0.0, 3.7576656341552734, 1.0},
							{1.0, 0.0, 0.0, 0.0, 0.0, -0.06466547399759293, 0.9979070425033569, 0.0, 0.0, -0.9979070425033569, -0.06466555595397949, 0.0, 0.0, 0.0, 3.8109989166259766, 1.0},
							{1.0, 0.0, 0.0, 0.0, 0.0, -0.06466547399759293, 0.9979070425033569, 0.0, 0.0, -0.9979070425033569, -0.06466555595397949, 0.0, 0.0, -3.725290298461914e-09, 3.7576656341552734, 1.0},
							{1.0, 0.0, 0.0, 0.0, 0.0, -0.06466547399759293, 0.9979070425033569, 0.0, 0.0, -0.9979070425033569, -0.06466555595397949, 0.0, 0.0, 0.0, 3.6074421405792236, 1.0},
							{1.0, 0.0, 0.0, 0.0, 0.0, -0.06466547399759293, 0.9979070425033569, 0.0, 0.0, -0.9979070425033569, -0.06466555595397949, 0.0, 0.0, -9.313225746154785e-10, 3.4145560264587402, 1.0},
							{1.0, 0.0, 0.0, 0.0, 0.0, -0.06466547399759293, 0.9979070425033569, 0.0, 0.0, -0.9979070425033569, -0.06466555595397949, 0.0, 0.0, -3.026798367500305e-09, 3.2643322944641113, 1.0},
							{1.0, 0.0, 0.0, 0.0, 0.0, -0.06466547399759293, 0.9979070425033569, 0.0, 0.0, -0.9979070425033569, -0.06466555595397949, 0.0, 0.0, 0.0, 3.210999011993408, 1.0},
							{1.0, 0.0, 0.0, 0.0, 0.0, -0.06466547399759293, 0.9979070425033569, 0.0, 0.0, -0.9979070425033569, -0.06466555595397949, 0.0, 0.0, -2.3283064365386963e-10, 3.2643322944641113, 1.0},
							{1.0, 0.0, 0.0, 0.0, 0.0, -0.06466547399759293, 0.9979070425033569, 0.0, 0.0, -0.9979070425033569, -0.06466555595397949, 0.0, 0.0, 0.0, 3.4145560264587402, 1.0},
							{1.0, 0.0, 0.0, 0.0, 0.0, -0.06466547399759293, 0.9979070425033569, 0.0, 0.0, -0.9979070425033569, -0.06466555595397949, 0.0, 0.0, 0.0, 3.6074419021606445, 1.0},
							{1.0, 0.0, 0.0, 0.0, 0.0, -0.06466547399759293, 0.9979070425033569, 0.0, 0.0, -0.9979070425033569, -0.06466555595397949, 0.0, 0.0, 0.0, 3.7576656341552734, 1.0},
							{1.0, 0.0, 0.0, 0.0, 0.0, -0.06466547399759293, 0.9979070425033569, 0.0, 0.0, -0.9979070425033569, -0.06466555595397949, 0.0, 0.0, 0.0, 3.8109989166259766, 1.0}
						}
					}
				}
			}
		}

		BoneNode $node3
		{
			Name {string {"Chest"}}

			Transform %transform
			{
				float[16]
				{
					{0.9993045926094055, -0.034959081560373306, -0.012970130890607834, 0.0,
					 0.034910935908555984, 0.9993826150894165, -0.003920517861843109, 0.0,
					 0.013099183328449726, 0.0034650154411792755, 0.9999080896377563, 0.0,
					 0.0, 1.4824044704437256, -1.4901161193847656e-08, 1.0}
				}
			}

			Animation
			{
				Track (target = %transform)
				{
					Time
					{
						Key {float {0.0, 0.041666666666666664, 0.08333333333333333, 0.125, 0.16666666666666666, 0.20833333333333331, 0.25, 0.29166666666666663, 0.3333333333333333, 0.375, 0.41666666666666663, 0.4583333333333333, 0.5, 0.5416666666666666, 0.5833333333333333, 0.625, 0.6666666666666666, 0.7083333333333333, 0.75, 0.7916666666666666, 0.8333333333333333}}
					}

					Value
					{
						Key
						{
							float[16]
							{
								{0.9993045926094055, -0.034959081560373306, -0.012970130890607834, 0.0, 0.034910935908555984, 0.9993826150894165, -0.003920517861843109, 0.0, 0.013099183328449726, 0.0034650154411792755, 0.9999080896377563, 0.0, 0.0, 1.4824044704437256, -1.4901161193847656e-08, 1.0},
								{0.9993433356285095, -0.034042373299598694, -0.012410095892846584, 0.0, 0.03390050306916237, 0.9993593096733093, -0.011469002813100815, 0.0, 0.012792578898370266, 0.011040773242712021, 0.9998571276664734, 0.0, 0.0, 1.4824044704437256, 0.0, 1.0},
								{0.9994553327560425, -0.031189125031232834, -0.010781778953969479, 0.0, 0.030821479856967926, 0.9989887475967407, -0.03273088485002518, 0.0, 0.011791725642979145, 0.032380737364292145, 0.9994059801101685, 0.0, 0.0, 1.4824049472808838, -1.4901161193847656e-08, 1.0},
								{0.9996040463447571, -0.02680594101548195, -0.00855342485010624, 0.0, 0.026245448738336563, 0.9978523850440979, -0.06001336872577667, 0.0, 0.010143772698938847, 0.05976511910557747, 0.9981608390808105, 0.0, 0.0, 1.4824044704437256, -1.4901161193847656e-08, 1.0},
								{0.9997360110282898, -0.022044513374567032, -0.006473727058619261, 0.0, 0.021446406841278076, 0.9964648485183716, -0.08122655749320984, 0.0, 0.00824144296348095, 0.08106626570224762, 0.9966745972633362, 0.0, 0.0, 1.4824047088623047, 0.0, 1.0},
								{0.9998261332511902, -0.017966656014323235, -0.004991400986909866, 0.0, 0.01745314709842205, 0.9959021210670471, -0.088736891746521, 0.0, 0.006565252784639597, 0.08863434940576553, 0.9960425496101379, 0.0, 0.0, 1.4824047088623047, -1.4901161193847656e-08, 1.0},
								{0.9998974800109863, -0.013813141733407974, -0.0037758457474410534, 0.0, 0.013459725305438042, 0.9965847730636597, -0.08147109299898148, 0.0, 0.004888322204351425, 0.08141190558671951, 0.9966684579849243, 0.0, 0.0, 1.4824047088623047, 0.0, 1.0},
								{0.9999580383300781, -0.008826863951981068, -0.002447269856929779, 0.0, 0.008661126717925072, 0.998099148273468, -0.061016347259283066, 0.0, 0.002981201047077775, 0.06099258363246918, 0.998133659362793, 0.0, 0.0, 1.4824044704437256, -1.4901161193847656e-08, 1.0},
								{0.9999907612800598, -0.004130294546484947, -0.0011802470544353127, 0.0, 0.004086822737008333, 0.9993885159492493, -0.034724947065114975, 0.0, 0.0013229497708380222, 0.034719809889793396, 0.9993961453437805, 0.0, 0.0, 1.4824049472808838, -1.4901161193847656e-08, 1.0},
								{0.999999463558197, -0.0010140187805518508, -0.0002969668712466955, 0.0, 0.0010096875485032797, 0.9998980164527893, -0.014238864183425903, 0.0, 0.0003113751590717584, 0.01423855870962143, 0.9998985528945923, 0.0, 0.0, 1.4824044704437256, 0.0, 1.0},
								{1.0, -3.3217801842511108e-09, -4.768256474108057e-07, 0.0, 7.105427357601002e-15, 0.9999756813049316, -0.006966263055801392, 0.0, 4.768372718899627e-07, 0.006966263055801392, 0.9999756813049316, 0.0, 0.0, 1.4824044704437256, -1.4901161193847656e-08, 1.0},
								{0.999999463558197, -0.001006918027997017, -0.00031868519727140665, 0.0, 0.001003047451376915, 0.99992835521698, -0.01192106306552887, 0.0, 0.0003306659637019038, 0.011920735239982605, 0.9999287724494934, 0.0, 0.0, 1.4824044704437256, 0.0, 1.0},
								{0.9999907612800598, -0.004099517595022917, -0.0012770234607160091, 0.0, 0.004065100569278002, 0.9996567368507385, -0.02587900310754776, 0.0, 0.0013826766517013311, 0.025873571634292603, 0.9996642470359802, 0.0, 0.0, 1.4824049472808838, -1.4901161193847656e-08, 1.0},
								{0.9999580979347229, -0.008757049217820168, -0.0026765866205096245, 0.0, 0.008631443604826927, 0.9990029335021973, -0.0438009575009346, 0.0, 0.0030574852135032415, 0.04377603530883789, 0.9990366697311401, 0.0, 0.0, 1.4824044704437256, -1.4901161193847656e-08, 1.0},
								{0.9998974800109863, -0.013702761381864548, -0.004151828587055206, 0.0, 0.01344022061675787, 0.9982399940490723, -0.057758670300245285, 0.0, 0.00493597611784935, 0.057696953415870667, 0.9983218908309937, 0.0, 0.0, 1.4824047088623047, 0.0, 1.0},
								{0.9998261332511902, -0.017830321565270424, -0.005458426661789417, 0.0, 0.0174531452357769, 0.9978781342506409, -0.06272508949041367, 0.0, 0.0065652537159621716, 0.0626189187169075, 0.998015820980072, 0.0, 0.0, 1.4824047088623047, -1.4901161193847656e-08, 1.0},
								{0.9997360110282898, -0.021901121363043785, -0.006947231478989124, 0.0, 0.021465903148055077, 0.9981136918067932, -0.057515837252140045, 0.0, 0.0081937899813056, 0.05735154449939728, 0.9983203411102295, 0.0, 0.0, 1.4824047088623047, 0.0, 1.0},
								{0.9996040463447571, -0.02668081223964691, -0.008936800062656403, 0.0, 0.02627505362033844, 0.9987380504608154, -0.04280003160238266, 0.0, 0.010067461989820004, 0.04254826158285141, 0.9990435838699341, 0.0, 0.0, 1.4824044704437256, -1.4901161193847656e-08, 1.0},
								{0.9994553923606873, -0.03111264482140541, -0.010997144505381584, 0.0, 0.03084307350218296, 0.9992386698722839, -0.023886725306510925, 0.0, 0.011731954291462898, 0.02353454753756523, 0.9996540546417236, 0.0, 0.0, 1.4824047088623047, -1.4901161193847656e-08, 1.0},
								{0.9993433952331543, -0.034019920974969864, -0.012469613924622536, 0.0, 0.03390708193182945, 0.9993830323219299, -0.009151894599199295, 0.0, 0.012773268856108189, 0.008723072707653046, 0.999880313873291, 0.0, 0.0, 1.4824044704437256, 0.0, 1.0},
								{0.9993045926094055, -0.034959081560373306, -0.012970130890607834, 0.0, 0.034910935908555984, 0.9993826150894165, -0.003920517861843109, 0.0, 0.013099183328449726, 0.0034650154411792755, 0.9999080896377563, 0.0, 0.0, 1.4824044704437256, -1.4901161193847656e-08, 1.0}
							}
						}
					}
				}
			}

			BoneNode $node4
			{
				Name {string {"Neck"}}

				Transform %transform
				{
					float[16]
					{
						{-1.0, 4.359753802418709e-08, -6.204936653375626e-07, 0.0,
						 -1.4854595065116882e-07, 0.9532991647720337, 0.30202844738960266, 0.0,
						 6.031477823853493e-07, 0.3020282983779907, -0.9532990455627441, 0.0,
						 -1.83936208486557e-08, 1.295160174369812, -2.3283064365386963e-08, 1.0}
					}
				}

				Animation
				{
					Track (target = %transform)
					{
						Time
						{
							Key {float {0.0, 0.041666666666666664, 0.08333333333333333, 0.125, 0.16666666666666666, 0.20833333333333331, 0.25, 0.29166666666666663, 0.3333333333333333, 0.375, 0.41666666666666663, 0.4583333333333333, 0.5, 0.5416666666666666, 0.5833333333333333, 0.625, 0.6666666666666666, 0.7083333333333333, 0.75, 0.7916666666666666, 0.8333333333333333}}
						}

						Value
						{
							Key
							{
								float[16]
								{
									{-1.0, 4.359753802418709e-08, -6.204936653375626e-07, 0.0, -1.4854595065116882e-07, 0.9532991647720337, 0.30202844738960266, 0.0, 6.031477823853493e-07, 0.3020282983779907, -0.9532990455627441, 0.0, -1.83936208486557e-08, 1.295160174369812, -2.3283064365386963e-08, 1.0},
									{-1.0, 4.6100467443466187e-08, -6.207264959812164e-07, 0.0, -1.457519829273224e-07, 0.9532991647720337, 0.3020283579826355, 0.0, 6.07222318649292e-07, 0.30202826857566833, -0.9532989859580994, 0.0, -1.4668330550193787e-08, 1.2951606512069702, 8.96397978067398e-09, 1.0},
									{-0.9999999403953552, 4.6478817239403725e-08, -6.201444193720818e-07, 0.0, -1.4388933777809143e-07, 0.9532991051673889, 0.3020283877849579, 0.0, 6.059417501091957e-07, 0.3020282983779907, -0.9532989859580994, 0.0, -6.170012056827545e-09, 1.295159935951233, 1.3154931366443634e-08, 1.0},
									{-1.0, 4.518005880527198e-08, -6.213667802512646e-07, 0.0, -1.441221684217453e-07, 0.9532991051673889, 0.3020283877849579, 0.0, 6.061745807528496e-07, 0.30202826857566833, -0.9532989263534546, 0.0, 2.561137080192566e-09, 1.2951602935791016, 4.16184775531292e-09, 1.0},
									{-1.0, 4.436878953129053e-08, -6.200571078807116e-07, 0.0, -1.4435499906539917e-07, 0.9532991647720337, 0.3020283877849579, 0.0, 6.05476088821888e-07, 0.3020282983779907, -0.9532990455627441, 0.0, -1.57160684466362e-09, 1.2951600551605225, 7.086782716214657e-09, 1.0},
									{-1.0, 4.339381121098995e-08, -6.209011189639568e-07, 0.0, -1.4551915228366852e-07, 0.9532991647720337, 0.3020283877849579, 0.0, 6.051268428564072e-07, 0.3020282983779907, -0.9532989263534546, 0.0, -6.606569513678551e-09, 1.2951605319976807, 1.9310391508042812e-08, 1.0},
									{-0.9999999403953552, 4.5991328079253435e-08, -6.206100806593895e-07, 0.0, -1.4388933777809143e-07, 0.9532989859580994, 0.3020283579826355, 0.0, 6.055342964828014e-07, 0.30202826857566833, -0.9532988667488098, 0.0, 9.313225746154785e-10, 1.295159935951233, -4.067260306328535e-09, 1.0},
									{-1.0, 4.536468622973189e-08, -6.207119440659881e-07, 0.0, -1.446460373699665e-07, 0.9532991647720337, 0.3020283579826355, 0.0, 6.052578100934625e-07, 0.3020282983779907, -0.9532990455627441, 0.0, -8.440110832452774e-10, 1.2951605319976807, -1.6370904631912708e-10, 1.0},
									{-1.0, 4.57876012660563e-08, -6.207410478964448e-07, 0.0, -1.4380202628672123e-07, 0.9532991647720337, 0.3020283877849579, 0.0, 6.058344297343865e-07, 0.3020282983779907, -0.9532989859580994, 0.0, 3.899913281202316e-09, 1.2951604127883911, 6.397385732270777e-09, 1.0},
									{-1.0, 4.566936695482582e-08, -6.207847036421299e-07, 0.0, -1.4402030501514673e-07, 0.9532992243766785, 0.3020283877849579, 0.0, 6.05616151005961e-07, 0.3020282983779907, -0.9532990455627441, 0.0, 4.2928149923682213e-10, 1.2951607704162598, 1.9757294467126485e-08, 1.0},
									{-1.0, 4.560499533567963e-08, -6.207813498804171e-07, 0.0, -1.4401838654976018e-07, 0.9532992243766785, 0.3020283877849579, 0.0, 6.055641961211222e-07, 0.3020283281803131, -0.9532990455627441, 0.0, 9.202667382475493e-15, 1.2951606512069702, 1.4901161193847656e-08, 1.0},
									{-1.0, 4.55020199296996e-08, -6.207774276845157e-07, 0.0, -1.4406396076083183e-07, 0.9532991647720337, 0.3020283877849579, 0.0, 6.055406629457138e-07, 0.3020282983779907, -0.9532990455627441, 0.0, 8.731149137020111e-11, 1.295159935951233, 1.2338034593994962e-08, 1.0},
									{-1.0, 4.615503712557256e-08, -6.207264959812164e-07, 0.0, -1.4400575309991837e-07, 0.9532991647720337, 0.3020283579826355, 0.0, 6.054833647795022e-07, 0.3020283281803131, -0.9532988667488098, 0.0, 1.178705133497715e-09, 1.2951600551605225, 5.156834959052503e-10, 1.0},
									{-1.0, 4.436878953129053e-08, -6.209593266248703e-07, 0.0, -1.4493707567453384e-07, 0.9532991647720337, 0.3020283877849579, 0.0, 6.054178811609745e-07, 0.3020283281803131, -0.9532990455627441, 0.0, -3.6961864680051804e-09, 1.2951596975326538, 7.388734957203269e-09, 1.0},
									{-1.0, 4.513640305958688e-08, -6.207992555573583e-07, 0.0, -1.4586839824914932e-07, 0.9532992243766785, 0.3020284175872803, 0.0, 6.05359673500061e-07, 0.3020282983779907, -0.9532990455627441, 0.0, 2.3283064365386963e-09, 1.2951600551605225, -5.820766091346741e-09, 1.0},
									{-1.0, 4.4910848373547196e-08, -6.20391801930964e-07, 0.0, -1.4202669262886047e-07, 0.9532991647720337, 0.3020283877849579, 0.0, 6.055925041437149e-07, 0.3020282983779907, -0.9532989859580994, 0.0, 2.9103830456733704e-10, 1.2951605319976807, 2.5320332497358322e-09, 1.0},
									{-1.0, 4.204775905236602e-08, -6.218178896233439e-07, 0.0, -1.4621764421463013e-07, 0.9532992839813232, 0.3020283877849579, 0.0, 6.055925041437149e-07, 0.3020283281803131, -0.9532990455627441, 0.0, -1.0943040251731873e-08, 1.295159935951233, -3.2014213502407074e-09, 1.0},
									{-1.0, 4.2971805669367313e-08, -6.206100806593895e-07, 0.0, -1.457519829273224e-07, 0.9532992243766785, 0.3020283877849579, 0.0, 6.064074113965034e-07, 0.30202826857566833, -0.9532989859580994, 0.0, 1.1990778148174286e-08, 1.2951598167419434, 3.550667315721512e-09, 1.0},
									{-1.0, 4.4121406972408295e-08, -6.209593266248703e-07, 0.0, -1.41095370054245e-07, 0.9532991647720337, 0.3020283579826355, 0.0, 6.075715646147728e-07, 0.3020282983779907, -0.9532989859580994, 0.0, 2.8638169169425964e-08, 1.295160174369812, 1.9033905118703842e-08, 1.0},
									{-0.9999999403953552, 4.196772351861e-08, -6.204936653375626e-07, 0.0, -1.4435499906539917e-07, 0.9532990455627441, 0.3020283281803131, 0.0, 6.059417501091957e-07, 0.30202826857566833, -0.9532988667488098, 0.0, 1.1641532182693481e-09, 1.2951607704162598, 5.820766091346741e-11, 1.0},
									{-1.0, 4.359753802418709e-08, -6.204936653375626e-07, 0.0, -1.4854595065116882e-07, 0.9532991647720337, 0.30202844738960266, 0.0, 6.031477823853493e-07, 0.3020282983779907, -0.9532990455627441, 0.0, -1.83936208486557e-08, 1.295160174369812, -2.3283064365386963e-08, 1.0}
								}
							}
						}
					}
				}

				BoneNode $node5
				{
					Name {string {"Head"}}

					Transform %transform
					{
						float[16]
						{
							{1.0, -8.381903171539307e-08, 2.35741026699543e-07, 0.0,
							 2.9685907065868378e-08, 0.9715179204940796, 0.23696672916412354, 0.0,
							 -2.4959444999694824e-07, -0.23696666955947876, 0.9715178608894348, 0.0,
							 -1.1641532182693481e-08, 0.30232948064804077, 4.667308530770242e-07, 1.0}
						}
					}

					Animation
					{
						Track (target = %transform)
						{
							Time
							{
								Key {float {0.0, 0.041666666666666664, 0.08333333333333333, 0.125, 0.16666666666666666, 0.20833333333333331, 0.25, 0.29166666666666663, 0.3333333333333333, 0.375, 0.41666666666666663, 0.4583333333333333, 0.5, 0.5416666666666666, 0.5833333333333333, 0.625, 0.6666666666666666, 0.7083333333333333, 0.75, 0.7916666666666666, 0.8333333333333333}}
							}

							Value
							{
								Key
								{
									float[16]
									{
										{1.0, -8.381903171539307e-08, 2.35741026699543e-07, 0.0, 2.9685907065868378e-08, 0.9715179204940796, 0.23696672916412354, 0.0, -2.4959444999694824e-07, -0.23696666955947876, 0.9715178608894348, 0.0, -1.1641532182693481e-08, 0.30232948064804077, 4.667308530770242e-07, 1.0},
										{0.9999999403953552, -8.987262845039368e-08, 2.3329630494117737e-07, 0.0, 3.026798367500305e-08, 0.97151780128479, 0.2369665801525116, 0.0, -2.48197466135025e-07, -0.23696663975715637, 0.9715177416801453, 0.0, 5.029141902923584e-08, 0.3023296296596527, -3.8604048313573003e-07, 1.0},
										{0.9999999403953552, -8.66129994392395e-08, 2.327142283320427e-07, 0.0, 3.189779818058014e-08, 0.97151780128479, 0.23696662485599518, 0.0, -2.4959444999694824e-07, -0.23696665465831757, 0.97151780128479, 0.0, 4.6566128730773926e-09, 0.30232924222946167, -1.2227974366396666e-07, 1.0},
										{1.0, -8.707866072654724e-08, 2.3434404283761978e-07, 0.0, 2.9976945370435715e-08, 0.9715176820755005, 0.23696665465831757, 0.0, -2.4831388145685196e-07, -0.23696662485599518, 0.97151780128479, 0.0, -1.0477378964424133e-08, 0.3023283779621124, 2.3865868570283055e-07, 1.0},
										{1.0, -8.89413058757782e-08, 2.3457687348127365e-07, 0.0, 3.137392923235893e-08, 0.97151780128479, 0.23696665465831757, 0.0, -2.4761538952589035e-07, -0.23696665465831757, 0.97151780128479, 0.0, -2.5029294192790985e-08, 0.30232861638069153, -1.6254489310085773e-08, 1.0},
										{1.0, -8.882489055395126e-08, 2.3515895009040833e-07, 0.0, 2.8638169169425964e-08, 0.97151780128479, 0.23696665465831757, 0.0, -2.486049197614193e-07, -0.23696662485599518, 0.9715176820755005, 0.0, 2.6193447411060333e-09, 0.3023294508457184, 8.098686521407217e-08, 1.0},
										{1.0, -8.812639862298965e-08, 2.339365892112255e-07, 0.0, 2.990418579429388e-08, 0.97151780128479, 0.23696663975715637, 0.0, -2.4837208911776543e-07, -0.23696662485599518, 0.9715177416801453, 0.0, 5.122274160385132e-09, 0.3023289740085602, -1.7342608771286905e-07, 1.0},
										{1.0, -8.795177564024925e-08, 2.3448956198990345e-07, 0.0, 3.022432792931795e-08, 0.97151780128479, 0.23696666955947876, 0.0, -2.486049197614193e-07, -0.23696669936180115, 0.9715179204940796, 0.0, 2.0954757928848267e-09, 0.30232882499694824, 2.4411679078184534e-07, 1.0},
										{1.0, -8.786446414887905e-08, 2.3421307560056448e-07, 0.0, 2.9685907065868378e-08, 0.9715178608894348, 0.23696665465831757, 0.0, -2.482847776263952e-07, -0.23696665465831757, 0.9715179204940796, 0.0, -7.566995918750763e-10, 0.30232933163642883, -8.95403218237334e-09, 1.0},
										{1.0, -8.802453521639109e-08, 2.34263097809162e-07, 0.0, 2.994420356117189e-08, 0.9715178608894348, 0.23696666955947876, 0.0, -2.48473952524364e-07, -0.23696663975715637, 0.9715178608894348, 0.0, 2.9103830456733704e-10, 0.30232909321784973, 1.4198477948923482e-08, 1.0},
										{1.0, -8.796975947689134e-08, 2.3427462281233602e-07, 0.0, 2.9948921564937336e-08, 0.97151780128479, 0.23696668446063995, 0.0, -2.4844791823852574e-07, -0.23696665465831757, 0.9715177416801453, 0.0, 1.4922687651547362e-14, 0.30232855677604675, -1.1920928955078125e-07, 1.0},
										{1.0, -8.792267180979252e-08, 2.3430584406014532e-07, 0.0, 2.981687430292368e-08, 0.97151780128479, 0.23696666955947876, 0.0, -2.4845212465152144e-07, -0.23696663975715637, 0.97151780128479, 0.0, -2.473825588822365e-10, 0.3023291826248169, 2.7913830535908346e-07, 1.0},
										{0.9999999403953552, -8.888309821486473e-08, 2.34074832405895e-07, 0.0, 2.962769940495491e-08, 0.9715177416801453, 0.23696663975715637, 0.0, -2.4875043891370296e-07, -0.23696666955947876, 0.97151780128479, 0.0, -1.4842953532934189e-09, 0.3023281395435333, -7.68710606280365e-09, 1.0},
										{1.0, -8.638016879558563e-08, 2.3451866582036018e-07, 0.0, 3.0064256861805916e-08, 0.9715177416801453, 0.23696662485599518, 0.0, -2.4831388145685196e-07, -0.2369665950536728, 0.9715176820755005, 0.0, 3.841705620288849e-09, 0.3023291528224945, -1.8568835002952255e-07, 1.0},
										{1.0, -8.835922926664352e-08, 2.3446045815944672e-07, 0.0, 3.009336069226265e-08, 0.97151780128479, 0.23696663975715637, 0.0, -2.484302967786789e-07, -0.23696668446063995, 0.9715178608894348, 0.0, 1.862645149230957e-09, 0.30232876539230347, 3.8394318835344166e-08, 1.0},
										{1.0, -8.940696716308594e-08, 2.3422762751579285e-07, 0.0, 3.183959051966667e-08, 0.97151780128479, 0.23696662485599518, 0.0, -2.480810508131981e-07, -0.23696665465831757, 0.9715177416801453, 0.0, 1.30385160446167e-08, 0.30232954025268555, -6.807385943830013e-08, 1.0},
										{1.0, -8.870847523212433e-08, 2.3364555090665817e-07, 0.0, 2.9511284083127975e-08, 0.9715179204940796, 0.23696665465831757, 0.0, -2.474989742040634e-07, -0.23696666955947876, 0.9715178608894348, 0.0, -9.19681042432785e-09, 0.30232906341552734, -1.1799420462921262e-07, 1.0},
										{1.0, -8.614733815193176e-08, 2.3434404283761978e-07, 0.0, 2.89292074739933e-08, 0.9715178608894348, 0.23696665465831757, 0.0, -2.491287887096405e-07, -0.23696665465831757, 0.9715178608894348, 0.0, -1.83936208486557e-08, 0.3023287057876587, -5.296169547364116e-08, 1.0},
										{0.9999999403953552, -9.033828973770142e-08, 2.3387838155031204e-07, 0.0, 2.735760062932968e-08, 0.9715177416801453, 0.2369665950536728, 0.0, -2.4726614356040955e-07, -0.23696662485599518, 0.9715177416801453, 0.0, -2.3050233721733093e-08, 0.30232852697372437, -3.46371962223202e-07, 1.0},
										{1.0, -9.12696123123169e-08, 2.3294705897569656e-07, 0.0, 2.7124769985675812e-08, 0.9715177416801453, 0.23696662485599518, 0.0, -2.48197466135025e-07, -0.23696663975715637, 0.9715177416801453, 0.0, -1.1641532182693481e-08, 0.30232828855514526, -2.0809238776564598e-07, 1.0},
										{1.0, -8.381903171539307e-08, 2.35741026699543e-07, 0.0, 2.9685907065868378e-08, 0.9715179204940796, 0.23696672916412354, 0.0, -2.4959444999694824e-07, -0.23696666955947876, 0.9715178608894348, 0.0, -1.1641532182693481e-08, 0.30232948064804077, 4.667308530770242e-07, 1.0}
									}
								}
							}
						}
					}
				}
			}

			BoneNode $node6
			{
				Name {string {"Upper_Arm.L"}}

				Transform %transform
				{
					float[16]
					{
						{-0.8227689266204834, 0.08532290160655975, -0.5619339942932129, 0.0,
						 0.4583885073661804, -0.48493722081184387, -0.7447925806045532, 0.0,
						 -0.33605003356933594, -0.8703769445419312, 0.35988080501556396, 0.0,
						 0.9250667691230774, 0.7715867757797241, -0.15571542084217072, 1.0}
					}
				}

				Animation
				{
					Track (target = %transform)
					{
						Time
						{
							Key {float {0.0, 0.041666666666666664, 0.08333333333333333, 0.125, 0.16666666666666666, 0.20833333333333331, 0.25, 0.29166666666666663, 0.3333333333333333, 0.375, 0.41666666666666663, 0.4583333333333333, 0.5, 0.5416666666666666, 0.5833333333333333, 0.625, 0.6666666666666666, 0.7083333333333333, 0.75, 0.7916666666666666, 0.8333333333333333}}
						}

						Value
						{
							Key
							{
								float[16]
								{
									{-0.8227689266204834, 0.08532290160655975, -0.5619339942932129, 0.0, 0.4583885073661804, -0.48493722081184387, -0.7447925806045532, 0.0, -0.33605003356933594, -0.8703769445419312, 0.35988080501556396, 0.0, 0.9250667691230774, 0.7715867757797241, -0.15571542084217072, 1.0},
									{-0.8139294981956482, 0.07432030141353607, -0.5761888027191162, 0.0, 0.46349576115608215, -0.5148895382881165, -0.7211521863937378, 0.0, -0.3502693772315979, -0.8540285229682922, 0.3846372663974762, 0.0, 0.9250668287277222, 0.7715871334075928, -0.15571542084217072, 1.0},
									{-0.7855997681617737, 0.03595885634422302, -0.6176878809928894, 0.0, 0.4753255248069763, -0.6040259599685669, -0.6397017240524292, 0.0, -0.3961019814014435, -0.7961529493331909, 0.4574311375617981, 0.0, 0.9250667691230774, 0.7715868353843689, -0.15571542084217072, 1.0},
									{-0.7405035495758057, -0.03441719338297844, -0.6711694002151489, 0.0, 0.4805232882499695, -0.725312352180481, -0.4929697811603546, 0.0, -0.4698404371738434, -0.6875588893890381, 0.5536354184150696, 0.0, 0.9250667691230774, 0.7715868949890137, -0.15571540594100952, 1.0},
									{-0.6916195750236511, -0.1236976683139801, -0.7115896940231323, 0.0, 0.46713143587112427, -0.8280317783355713, -0.3100830018520355, 0.0, -0.5508620738983154, -0.5468655824661255, 0.6304669380187988, 0.0, 0.9250667691230774, 0.7715864777565002, -0.15571542084217072, 1.0},
									{-0.6521565318107605, -0.20679031312465668, -0.7293341159820557, 0.0, 0.4401854872703552, -0.8865699172019958, -0.1422339528799057, 0.0, -0.6171927452087402, -0.41380128264427185, 0.6692092418670654, 0.0, 0.9250667095184326, 0.7715871334075928, -0.15571540594100952, 1.0},
									{-0.6161957383155823, -0.2932818830013275, -0.730949342250824, 0.0, 0.39985570311546326, -0.9160711169242859, 0.030477454885840416, 0.0, -0.6785398721694946, -0.2734941244125366, 0.681750476360321, 0.0, 0.9250667095184326, 0.7715869545936584, -0.15571542084217072, 1.0},
									{-0.5801306366920471, -0.3950032591819763, -0.7123338580131531, 0.0, 0.33747535943984985, -0.912510097026825, 0.23116189241409302, 0.0, -0.741321325302124, -0.10629072785377502, 0.6626798510551453, 0.0, 0.9250668287277222, 0.7715871334075928, -0.15571542084217072, 1.0},
									{-0.5543075203895569, -0.48408395051956177, -0.6770557761192322, 0.0, 0.2690195143222809, -0.874005138874054, 0.4046522080898285, 0.0, -0.7876356244087219, 0.04216090589761734, 0.6146965622901917, 0.0, 0.9250667691230774, 0.771587073802948, -0.15571540594100952, 1.0},
									{-0.5417194366455078, -0.5377229452133179, -0.646059513092041, 0.0, 0.22069217264652252, -0.8326305747032166, 0.5079578161239624, 0.0, -0.811069130897522, 0.13259083032608032, 0.5697243213653564, 0.0, 0.9250667691230774, 0.7715871930122375, -0.1557154357433319, 1.0},
									{-0.5383925437927246, -0.5540751814842224, -0.6349276304244995, 0.0, 0.20473305881023407, -0.8168794512748718, 0.5392515659332275, 0.0, -0.8174448609352112, 0.16033880412578583, 0.553240180015564, 0.0, 0.9250667691230774, 0.771587610244751, -0.15571542084217072, 1.0},
									{-0.541719377040863, -0.5377228260040283, -0.646059513092041, 0.0, 0.22069218754768372, -0.8326305150985718, 0.5079577565193176, 0.0, -0.8110691905021667, 0.13259074091911316, 0.5697243213653564, 0.0, 0.9250668883323669, 0.7715868949890137, -0.15571542084217072, 1.0},
									{-0.5543075203895569, -0.48408395051956177, -0.6770557165145874, 0.0, 0.2690194845199585, -0.8740051984786987, 0.4046521782875061, 0.0, -0.7876356840133667, 0.04216086491942406, 0.6146965026855469, 0.0, 0.9250668287277222, 0.771587073802948, -0.15571540594100952, 1.0},
									{-0.5801307559013367, -0.3950032591819763, -0.7123337388038635, 0.0, 0.33747541904449463, -0.9125100374221802, 0.23116175830364227, 0.0, -0.7413212656974792, -0.10629088431596756, 0.6626798510551453, 0.0, 0.9250667691230774, 0.7715865969657898, -0.15571542084217072, 1.0},
									{-0.6161959767341614, -0.2932819128036499, -0.730949342250824, 0.0, 0.3998557925224304, -0.9160712361335754, 0.03047739900648594, 0.0, -0.6785398125648499, -0.2734941840171814, 0.6817507147789001, 0.0, 0.9250668287277222, 0.7715864777565002, -0.15571542084217072, 1.0},
									{-0.6521565914154053, -0.20679032802581787, -0.7293340563774109, 0.0, 0.4401854872703552, -0.8865697979927063, -0.14223399758338928, 0.0, -0.6171927452087402, -0.41380131244659424, 0.669209361076355, 0.0, 0.9250667691230774, 0.7715870141983032, -0.15571542084217072, 1.0},
									{-0.6916195750236511, -0.12369780987501144, -0.711589515209198, 0.0, 0.46713143587112427, -0.8280317783355713, -0.3100830316543579, 0.0, -0.5508619546890259, -0.546865701675415, 0.6304669976234436, 0.0, 0.9250667691230774, 0.7715863585472107, -0.1557154357433319, 1.0},
									{-0.7405035495758057, -0.034417327493429184, -0.6711693406105042, 0.0, 0.4805232882499695, -0.7253124713897705, -0.4929697513580322, 0.0, -0.46984031796455383, -0.6875589489936829, 0.5536355376243591, 0.0, 0.9250668287277222, 0.771586537361145, -0.15571540594100952, 1.0},
									{-0.7855998277664185, 0.035958848893642426, -0.6176878809928894, 0.0, 0.4753255844116211, -0.6040259599685669, -0.6397017240524292, 0.0, -0.3961019217967987, -0.7961529493331909, 0.45743122696876526, 0.0, 0.9250668883323669, 0.7715874910354614, -0.1557154357433319, 1.0},
									{-0.8139294385910034, 0.07432031631469727, -0.5761886835098267, 0.0, 0.4634957015514374, -0.5148895978927612, -0.7211520671844482, 0.0, -0.3502694368362427, -0.8540285229682922, 0.38463714718818665, 0.0, 0.9250667095184326, 0.7715874910354614, -0.15571537613868713, 1.0},
									{-0.8227689266204834, 0.08532290160655975, -0.5619339942932129, 0.0, 0.4583885073661804, -0.48493722081184387, -0.7447925806045532, 0.0, -0.33605003356933594, -0.8703769445419312, 0.35988080501556396, 0.0, 0.9250667691230774, 0.7715867757797241, -0.15571542084217072, 1.0}
								}
							}
						}
					}
				}

				BoneNode $node7
				{
					Name {string {"Lower_Arm.L"}}

					Transform %transform
					{
						float[16]
						{
							{-0.22760137915611267, -0.9330001473426819, -0.27876216173171997, 0.0,
							 -0.2928599417209625, -0.20743465423583984, 0.9333829879760742, 0.0,
							 -0.9286713004112244, 0.294077605009079, -0.22602596879005432, 0.0,
							 -4.470348358154297e-08, 1.4807446002960205, 5.960464477539063e-08, 1.0}
						}
					}

					Animation
					{
						Track (target = %transform)
						{
							Time
							{
								Key {float {0.0, 0.041666666666666664, 0.08333333333333333, 0.125, 0.16666666666666666, 0.20833333333333331, 0.25, 0.29166666666666663, 0.3333333333333333, 0.375, 0.41666666666666663, 0.4583333333333333, 0.5, 0.5416666666666666, 0.5833333333333333, 0.625, 0.6666666666666666, 0.7083333333333333, 0.75, 0.7916666666666666, 0.8333333333333333}}
							}

							Value
							{
								Key
								{
									float[16]
									{
										{-0.22760137915611267, -0.9330001473426819, -0.27876216173171997, 0.0, -0.2928599417209625, -0.20743465423583984, 0.9333829879760742, 0.0, -0.9286713004112244, 0.294077605009079, -0.22602596879005432, 0.0, -4.470348358154297e-08, 1.4807446002960205, 5.960464477539063e-08, 1.0},
										{-0.22695240378379822, -0.9340331554412842, -0.27581652998924255, 0.0, -0.2907285988330841, -0.20531775057315826, 0.9345167875289917, 0.0, -0.9294994473457336, 0.2922784686088562, -0.2249528169631958, 0.0, -8.568167686462402e-08, 1.48074471950531, -8.940696716308594e-08, 1.0},
										{-0.22491711378097534, -0.9371467232704163, -0.26677390933036804, 0.0, -0.28419530391693115, -0.19878984987735748, 0.9379315376281738, 0.0, -0.9320114254951477, 0.2867727279663086, -0.2216215431690216, 0.0, -1.7881393432617188e-07, 1.4807450771331787, 4.470348358154297e-07, 1.0},
										{-0.22173157334327698, -0.9416709542274475, -0.2531619071960449, 0.0, -0.2743876576423645, -0.1888798177242279, 0.9428869485855103, 0.0, -0.9357063174247742, 0.2785322368144989, -0.21650227904319763, 0.0, 3.725290298461914e-08, 1.4807451963424683, 4.470348358154297e-07, 1.0},
										{-0.21818268299102783, -0.9462707042694092, -0.2386799305677414, 0.0, -0.2639884948730469, -0.17822693288326263, 0.9479162096977234, 0.0, -0.9395245313644409, 0.26982760429382324, -0.2109186202287674, 0.0, 2.9802322387695312e-08, 1.4807449579238892, -2.384185791015625e-07, 1.0},
										{-0.21507304906845093, -0.9499671459197998, -0.22650814056396484, 0.0, -0.2552761435508728, -0.16918644309043884, 0.9519506692886353, 0.0, -0.9426440000534058, 0.26256099343299866, -0.20611655712127686, 0.0, -1.4901161193847656e-08, 1.4807453155517578, 5.960464477539063e-08, 1.0},
										{-0.2118443101644516, -0.9535133242607117, -0.21432282030582428, 0.0, -0.2465796023607254, -0.16005674004554749, 0.9558137655258179, 0.0, -0.9456851482391357, 0.2553313970565796, -0.2012098729610443, 0.0, -1.862645149230957e-08, 1.4807449579238892, -9.033828973770142e-08, 1.0},
										{-0.207842618227005, -0.9575416445732117, -0.19978900253772736, 0.0, -0.23624010384082794, -0.149064302444458, 0.9601929783821106, 0.0, -0.9492059350013733, 0.2467670738697052, -0.19522786140441895, 0.0, -1.1920928955078125e-07, 1.4807451963424683, -2.9802322387695312e-08, 1.0},
										{-0.20392173528671265, -0.9611376523971558, -0.18609219789505005, 0.0, -0.22652913630008698, -0.13860224187374115, 0.9640921950340271, 0.0, -0.9524182081222534, 0.23875458538532257, -0.18946176767349243, 0.0, -2.384185791015625e-07, 1.4807443618774414, 1.2665987014770508e-07, 1.0},
										{-0.20123113691806793, -0.9634242057800293, -0.17697428166866302, 0.0, -0.2200823426246643, -0.13158266246318817, 0.9665660262107849, 0.0, -0.9544997811317444, 0.2334519922733307, -0.18555419147014618, 0.0, -1.4901161193847656e-07, 1.4807442426681519, 2.086162567138672e-07, 1.0},
										{-0.20033973455429077, -0.9641513824462891, -0.17400038242340088, 0.0, -0.21798281371593475, -0.1292836219072342, 0.9673516154289246, 0.0, -0.9551687836647034, 0.23172807693481445, -0.1842677891254425, 0.0, 0.0, 1.4807443618774414, -7.171183824539185e-08, 1.0},
										{-0.2012312412261963, -0.9634243845939636, -0.17697428166866302, 0.0, -0.2200823873281479, -0.13158272206783295, 0.9665661454200745, 0.0, -0.9544996619224548, 0.2334519624710083, -0.18555417656898499, 0.0, -4.76837158203125e-07, 1.4807438850402832, 1.341104507446289e-07, 1.0},
										{-0.20392170548439026, -0.9611377120018005, -0.1860920637845993, 0.0, -0.22652915120124817, -0.138602152466774, 0.9640922546386719, 0.0, -0.9524182677268982, 0.23875461518764496, -0.1894618272781372, 0.0, -2.086162567138672e-07, 1.4807449579238892, 1.341104507446289e-07, 1.0},
										{-0.2078426629304886, -0.9575417041778564, -0.19978901743888855, 0.0, -0.23624008893966675, -0.14906427264213562, 0.9601930379867554, 0.0, -0.9492059946060181, 0.2467671036720276, -0.19522787630558014, 0.0, 8.940696716308594e-08, 1.4807446002960205, -1.1920928955078125e-07, 1.0},
										{-0.211844339966774, -0.953513503074646, -0.21432286500930786, 0.0, -0.24657955765724182, -0.16005679965019226, 0.9558141231536865, 0.0, -0.945685088634491, 0.2553313672542572, -0.2012098729610443, 0.0, 2.7939677238464355e-08, 1.48074471950531, -5.4016709327697754e-08, 1.0},
										{-0.2150730937719345, -0.9499672651290894, -0.22650840878486633, 0.0, -0.2552761435508728, -0.1691865622997284, 0.9519505500793457, 0.0, -0.9426438808441162, 0.26256105303764343, -0.20611663162708282, 0.0, 2.9802322387695312e-08, 1.4807446002960205, -2.682209014892578e-07, 1.0},
										{-0.21818271279335022, -0.9462708234786987, -0.23868004977703094, 0.0, -0.26398855447769165, -0.17822693288326263, 0.9479163289070129, 0.0, -0.9395245313644409, 0.26982763409614563, -0.21091866493225098, 0.0, 1.1920928955078125e-07, 1.48074471950531, 5.960464477539063e-08, 1.0},
										{-0.22173161804676056, -0.9416709542274475, -0.2531619071960449, 0.0, -0.27438777685165405, -0.1888798326253891, 0.9428869485855103, 0.0, -0.9357063174247742, 0.2785322964191437, -0.2165023237466812, 0.0, 2.280576154589653e-07, 1.4807448387145996, -5.662441253662109e-07, 1.0},
										{-0.22491708397865295, -0.9371467232704163, -0.26677367091178894, 0.0, -0.28419533371925354, -0.19878965616226196, 0.9379315972328186, 0.0, -0.9320114254951477, 0.2867727279663086, -0.22162160277366638, 0.0, 1.4901161193847656e-08, 1.4807448387145996, -3.2782554626464844e-07, 1.0},
										{-0.22695252299308777, -0.9340331554412842, -0.27581652998924255, 0.0, -0.2907286584377289, -0.20531779527664185, 0.9345166683197021, 0.0, -0.9294995069503784, 0.292278528213501, -0.2249528169631958, 0.0, -1.6391277313232422e-07, 1.480744481086731, -1.7881393432617188e-07, 1.0},
										{-0.22760137915611267, -0.9330001473426819, -0.27876216173171997, 0.0, -0.2928599417209625, -0.20743465423583984, 0.9333829879760742, 0.0, -0.9286713004112244, 0.294077605009079, -0.22602596879005432, 0.0, -4.470348358154297e-08, 1.4807446002960205, 5.960464477539063e-08, 1.0}
									}
								}
							}
						}
					}

					BoneNode $node8
					{
						Name {string {"Hand.L"}}

						Transform %transform
						{
							float[16]
							{
								{0.8613809943199158, -0.4987170696258545, 0.09645650535821915, 0.0,
								 0.5059221982955933, 0.8593057990074158, -0.07507332414388657, 0.0,
								 -0.0454452782869339, 0.11346618831157684, 0.9925019145011902, 0.0,
								 3.8743019104003906e-07, 1.083281397819519, 1.4901161193847656e-08, 1.0}
							}
						}

						Animation
						{
							Track (target = %transform)
							{
								Time
								{
